83
NULL 0 NULL 0
Joined 0 0,255,0,255,0,32767,0,32767,0,32767 NULL 0 0 0 #	# Joined [4a 6f 69 6e 65 64 ]
|Broken|0|1 0 0,255,0,255,0,32767,0,32767,0,32767 NULL 0 0 0 #	# Broken
C 0 0,255,0,255,0,32767,0,32767,0,32767 NULL 0 0 0 #	# C [43 ]
A 0 0,255,0,255,0,32767,0,32767,0,32767 NULL 0 0 0 #	# A [41 ]
R 0 0,255,0,255,0,32767,0,32767,0,32767 NULL 0 0 0 #	# R [52 ]
E 0 0,255,0,255,0,32767,0,32767,0,32767 NULL 0 0 0 #	# E [45 ]
F 0 0,255,0,255,0,32767,0,32767,0,32767 NULL 0 0 0 #	# F [46 ]
O 0 0,255,0,255,0,32767,0,32767,0,32767 NULL 0 0 0 #	# O [4f ]
U 0 0,255,0,255,0,32767,0,32767,0,32767 NULL 0 0 0 #	# U [55 ]
M 0 0,255,0,255,0,32767,0,32767,0,32767 NULL 0 0 0 #	# M [4d ]
I 0 0,255,0,255,0,32767,0,32767,0,32767 NULL 0 0 0 #	# I [49 ]
N 0 0,255,0,255,0,32767,0,32767,0,32767 NULL 0 0 0 #	# N [4e ]
D 0 0,255,0,255,0,32767,0,32767,0,32767 NULL 0 0 0 #	# D [44 ]
S 0 0,255,0,255,0,32767,0,32767,0,32767 NULL 0 0 0 #	# S [53 ]
T 0 0,255,0,255,0,32767,0,32767,0,32767 NULL 0 0 0 #	# T [54 ]
L 0 0,255,0,255,0,32767,0,32767,0,32767 NULL 0 0 0 #	# L [4c ]
V 0 0,255,0,255,0,32767,0,32767,0,32767 NULL 0 0 0 #	# V [56 ]
P 0 0,255,0,255,0,32767,0,32767,0,32767 NULL 0 0 0 #	# P [50 ]
, 0 0,255,0,255,0,32767,0,32767,0,32767 NULL 0 0 0 #	# , [2c ]
2 0 0,255,0,255,0,32767,0,32767,0,32767 NULL 0 0 0 #	# 2 [32 ]
9 0 0,255,0,255,0,32767,0,32767,0,32767 NULL 0 0 0 #	# 9 [39 ]
1 0 0,255,0,255,0,32767,0,32767,0,32767 NULL 0 0 0 #	# 1 [31 ]
0 0 0,255,0,255,0,32767,0,32767,0,32767 NULL 0 0 0 #	# 0 [30 ]
- 0 0,255,0,255,0,32767,0,32767,0,32767 NULL 0 0 0 #	# - [2d ]
: 0 0,255,0,255,0,32767,0,32767,0,32767 NULL 0 0 0 #	# : [3a ]
3 0 0,255,0,255,0,32767,0,32767,0,32767 NULL 0 0 0 #	# 3 [33 ]
7 0 0,255,0,255,0,32767,0,32767,0,32767 NULL 0 0 0 #	# 7 [37 ]
B 0 0,255,0,255,0,32767,0,32767,0,32767 NULL 0 0 0 #	# B [42 ]
H 0 0,255,0,255,0,32767,0,32767,0,32767 NULL 0 0 0 #	# H [48 ]
Z 0 0,255,0,255,0,32767,0,32767,0,32767 NULL 0 0 0 #	# Z [5a ]
G 0 0,255,0,255,0,32767,0,32767,0,32767 NULL 0 0 0 #	# G [47 ]
J 0 0,255,0,255,0,32767,0,32767,0,32767 NULL 0 0 0 #	# J [4a ]
4 0 0,255,0,255,0,32767,0,32767,0,32767 NULL 0 0 0 #	# 4 [34 ]
5 0 0,255,0,255,0,32767,0,32767,0,32767 NULL 0 0 0 #	# 5 [35 ]
. 0 0,255,0,255,0,32767,0,32767,0,32767 NULL 0 0 0 #	# . [2e ]
/ 0 0,255,0,255,0,32767,0,32767,0,32767 NULL 0 0 0 #	# / [2f ]
6 0 0,255,0,255,0,32767,0,32767,0,32767 NULL 0 0 0 #	# 6 [36 ]
8 0 0,255,0,255,0,32767,0,32767,0,32767 NULL 0 0 0 #	# 8 [38 ]
c 0 0,255,0,255,0,32767,0,32767,0,32767 NULL 0 0 0 #	# c [63 ]
f 0 0,255,0,255,0,32767,0,32767,0,32767 NULL 0 0 0 #	# f [66 ]
o 0 0,255,0,255,0,32767,0,32767,0,32767 NULL 0 0 0 #	# o [6f ]
u 0 0,255,0,255,0,32767,0,32767,0,32767 NULL 0 0 0 #	# u [75 ]
n 0 0,255,0,255,0,32767,0,32767,0,32767 NULL 0 0 0 #	# n [6e ]
X 0 0,255,0,255,0,32767,0,32767,0,32767 NULL 0 0 0 #	# X [58 ]
% 0 0,255,0,255,0,32767,0,32767,0,32767 NULL 0 0 0 #	# % [25 ]
) 0 0,255,0,255,0,32767,0,32767,0,32767 NULL 0 0 0 #	# ) [29 ]
g 0 0,255,0,255,0,32767,0,32767,0,32767 NULL 0 0 0 #	# g [67 ]
Y 0 0,255,0,255,0,32767,0,32767,0,32767 NULL 0 0 0 #	# Y [59 ]
' 0 0,255,0,255,0,32767,0,32767,0,32767 NULL 0 0 0 #	# ' [27 ]
a 0 0,255,0,255,0,32767,0,32767,0,32767 NULL 0 0 0 #	# a [61 ]
k 0 0,255,0,255,0,32767,0,32767,0,32767 NULL 0 0 0 #	# k [6b ]
’ 0 0,255,0,255,0,32767,0,32767,0,32767 NULL 0 0 0 #	# ’ [2019 ]
x 0 0,255,0,255,0,32767,0,32767,0,32767 NULL 0 0 0 #	# x [78 ]
Q 0 0,255,0,255,0,32767,0,32767,0,32767 NULL 0 0 0 #	# Q [51 ]
$ 0 0,255,0,255,0,32767,0,32767,0,32767 NULL 0 0 0 #	# $ [24 ]
l 0 0,255,0,255,0,32767,0,32767,0,32767 NULL 0 0 0 #	# l [6c ]
r 0 0,255,0,255,0,32767,0,32767,0,32767 NULL 0 0 0 #	# r [72 ]
d 0 0,255,0,255,0,32767,0,32767,0,32767 NULL 0 0 0 #	# d [64 ]
i 0 0,255,0,255,0,32767,0,32767,0,32767 NULL 0 0 0 #	# i [69 ]
b 0 0,255,0,255,0,32767,0,32767,0,32767 NULL 0 0 0 #	# b [62 ]
t 0 0,255,0,255,0,32767,0,32767,0,32767 NULL 0 0 0 #	# t [74 ]
s 0 0,255,0,255,0,32767,0,32767,0,32767 NULL 0 0 0 #	# s [73 ]
( 0 0,255,0,255,0,32767,0,32767,0,32767 NULL 0 0 0 #	# ( [28 ]
p 0 0,255,0,255,0,32767,0,32767,0,32767 NULL 0 0 0 #	# p [70 ]
_ 0 0,255,0,255,0,32767,0,32767,0,32767 NULL 0 0 0 #	# _ [5f ]
! 0 0,255,0,255,0,32767,0,32767,0,32767 NULL 0 0 0 #	# ! [21 ]
; 0 0,255,0,255,0,32767,0,32767,0,32767 NULL 0 0 0 #	# ; [3b ]
e 0 0,255,0,255,0,32767,0,32767,0,32767 NULL 0 0 0 #	# e [65 ]
ﬁ 0 0,255,0,255,0,32767,0,32767,0,32767 NULL 0 0 0 #	# ﬁ [fb01 ]
é 0 0,255,0,255,0,32767,0,32767,0,32767 NULL 0 0 0 #	# é [e9 ]
‘ 0 0,255,0,255,0,32767,0,32767,0,32767 NULL 0 0 0 #	# ‘ [2018 ]
“ 0 0,255,0,255,0,32767,0,32767,0,32767 NULL 0 0 0 #	# “ [201c ]
§ 0 0,255,0,255,0,32767,0,32767,0,32767 NULL 0 0 0 #	# § [a7 ]
ﬂ 0 0,255,0,255,0,32767,0,32767,0,32767 NULL 0 0 0 #	# ﬂ [fb02 ]
y 0 0,255,0,255,0,32767,0,32767,0,32767 NULL 0 0 0 #	# y [79 ]
] 0 0,255,0,255,0,32767,0,32767,0,32767 NULL 0 0 0 #	# ] [5d ]
" 0 0,255,0,255,0,32767,0,32767,0,32767 NULL 0 0 0 #	# " [22 ]
q 0 0,255,0,255,0,32767,0,32767,0,32767 NULL 0 0 0 #	# q [71 ]
= 0 0,255,0,255,0,32767,0,32767,0,32767 NULL 0 0 0 #	# = [3d ]
z 0 0,255,0,255,0,32767,0,32767,0,32767 NULL 0 0 0 #	# z [7a ]
le 0 0,255,0,255,0,32767,0,32767,0,32767 NULL 0 0 0 #	# le [6c 65 ]
¥ 0 0,255,0,255,0,32767,0,32767,0,32767 NULL 0 0 0 #	# ¥ [a5 ]
