4
linear   essential      -0.250000   0.750000
linear   non-essential   0.000000   1.000000
linear   essential       0.000000   1.000000
linear   essential       0.000000   1.000000

A 1
significant   elliptical    57
	  0.369655  0.339090  0.225672  0.150973
	  0.000424  0.000400  0.000400  0.000400

V 1
significant   elliptical     3
	  0.454427  0.307031  0.233073  0.149740
	  0.000829  0.000400  0.000400  0.000400

E 1
significant   elliptical    22
	  0.411222  0.299982  0.252131  0.126243
	  0.027244  0.000857  0.000400  0.000400

N 1
significant   elliptical    17
	  0.336167  0.319187  0.217831  0.156710
	  0.003859  0.001054  0.000773  0.000400

I 1
significant   elliptical    23
	  0.392663  0.246909  0.270720  0.105808
	  0.001709  0.002027  0.000400  0.000773

D 1
significant   elliptical     8
	  0.395996  0.335108  0.240234  0.137695
	  0.001478  0.002669  0.000562  0.000400

M 1
significant   elliptical    19
	  0.360197  0.316961  0.239104  0.170230
	  0.001810  0.001712  0.000400  0.000825

G 1
significant   elliptical    11
	  0.360085  0.344709  0.235085  0.138139
	  0.004699  0.000588  0.001003  0.000400

U 1
significant   elliptical    21
	  0.375744  0.325986  0.226562  0.157924
	  0.000974  0.002836  0.000400  0.001614

L 1
significant   elliptical    20
	  0.342187  0.221972  0.238086  0.124805
	  0.024791  0.000773  0.000400  0.000717

P 1
significant   elliptical    14
	  0.421875  0.284096  0.211217  0.141741
	  0.004331  0.003214  0.000400  0.001339

R 1
significant   elliptical    19
	  0.369449  0.337849  0.224507  0.141653
	  0.001091  0.000400  0.000400  0.000400

, 1
significant   elliptical    22
	  0.047053  0.062642  0.079190  0.046165
	  0.000799  0.000400  0.000400  0.000400

9 1
significant   elliptical    54
	  0.400391  0.304377  0.222222  0.134910
	  0.000529  0.000400  0.000400  0.000400

8 1
significant   elliptical    46
	  0.372113  0.342689  0.228940  0.142069
	  0.001551  0.000400  0.000400  0.000400

7 1
significant   elliptical    41
	  0.468941  0.229135  0.250286  0.109184
	  0.001655  0.000673  0.000400  0.000400

- 1
significant   elliptical     5
	  0.267187  0.085625  0.030469  0.114844
	  0.018880  0.000400  0.000400  0.000400

B 1
significant   elliptical     9
	  0.371962  0.364149  0.234809  0.142361
	  0.002990  0.000400  0.000400  0.000400

O 1
significant   elliptical    27
	  0.367621  0.332451  0.225116  0.143084
	  0.001296  0.000400  0.000400  0.000400

: 1
significant   elliptical     8
	  0.252930  0.079785  0.160156  0.039551
	  0.003931  0.000438  0.002607  0.000400

C 1
significant   elliptical    23
	  0.334748  0.300849  0.235394  0.142323
	  0.060571  0.007214  0.001934  0.001736

S 1
significant   elliptical    12
	  0.385742  0.353809  0.224609  0.139974
	  0.005083  0.006187  0.000400  0.000896

T 1
significant   elliptical    19
	  0.388980  0.199918  0.233758  0.086143
	  0.053922  0.002073  0.003193  0.000400

3 1
significant   elliptical    31
	  0.385711  0.331893  0.230847  0.136593
	  0.001649  0.000453  0.000400  0.000400

1 1
significant   elliptical    83
	  0.325678  0.226318  0.245811  0.107728
	  0.000945  0.001813  0.000400  0.000673

4 1
significant   elliptical    24
	  0.344564  0.255778  0.215007  0.117513
	  0.001916  0.000967  0.000571  0.000400

0 1
significant   elliptical    92
	  0.361753  0.336175  0.228855  0.144149
	  0.003262  0.002686  0.000400  0.000479

2 1
significant   elliptical    44
	  0.376598  0.314258  0.248047  0.130682
	  0.003011  0.000609  0.000400  0.000400

H 1
significant   elliptical     7
	  0.361049  0.333817  0.224888  0.160156
	  0.001347  0.000400  0.000400  0.000400

Z 1
significant   elliptical     1
	  0.394531  0.291016  0.269531  0.125000
	  0.000400  0.000400  0.000400  0.000400

J 1
significant   elliptical     3
	  0.257813  0.233854  0.213542  0.134115
	  0.009720  0.000400  0.000400  0.000400

. 1
significant   elliptical     9
	  0.053385  0.043186  0.051215  0.037326
	  0.002483  0.000400  0.000400  0.000400

6 1
significant   elliptical    25
	  0.344844  0.305641  0.223594  0.133125
	  0.000400  0.000482  0.000400  0.000400

5 1
significant   elliptical    19
	  0.347656  0.327796  0.235814  0.137541
	  0.008287  0.000400  0.000485  0.000400

/ 1
significant   elliptical     1
	  0.218750  0.176563  0.222656  0.128906
	  0.000400  0.000400  0.000400  0.000400

F 1
significant   elliptical    19
	  0.428865  0.263302  0.228618  0.135074
	  0.000837  0.001728  0.000400  0.000711

ó 1
significant   elliptical     1
	  0.398438  0.338672  0.230469  0.136719
	  0.000400  0.000400  0.000400  0.000400

Ç 1
significant   elliptical     1
	  0.445312  0.321484  0.273438  0.136719
	  0.000400  0.000400  0.000400  0.000400

Ã 1
significant   elliptical     1
	  0.382812  0.325781  0.230469  0.140625
	  0.000400  0.000400  0.000400  0.000400

Q 1
significant   elliptical     1
	  0.390625  0.388281  0.277344  0.167969
	  0.000400  0.000400  0.000400  0.000400

( 1
significant   elliptical     2
	  0.386719  0.192968  0.261719  0.076172
	  0.003052  0.000400  0.000400  0.000400

$ 1
significant   elliptical     2
	  0.388672  0.229297  0.220703  0.144532
	  0.000400  0.000400  0.000400  0.000400

) 1
significant   elliptical     2
	  0.417969  0.190625  0.259766  0.068359
	  0.000400  0.000400  0.000400  0.000400

n 1
significant   elliptical    18
	  0.276042  0.261827  0.170573  0.157335
	  0.003596  0.002363  0.000731  0.000860

x 1
significant   elliptical     6
	  0.246745  0.203516  0.164062  0.145182
	  0.000400  0.000400  0.000400  0.000400

W 1
significant   elliptical     1
	  0.406250  0.326953  0.230469  0.148438
	  0.000400  0.000400  0.000400  0.000400

K 1
significant   elliptical     1
	  0.355469  0.304297  0.234375  0.136719
	  0.000400  0.000400  0.000400  0.000400

Y 1
significant   elliptical     2
	  0.388672  0.298633  0.224609  0.144532
	  0.001289  0.001881  0.000400  0.000400

b 1
significant   elliptical     2
	  0.369141  0.357813  0.228516  0.138672
	  0.000400  0.000400  0.000400  0.000400

i 1
significant   elliptical     4
	  0.369141  0.246289  0.267578  0.106446
	  0.000400  0.000400  0.000400  0.000400

s 1
significant   elliptical     1
	  0.375000  0.319531  0.226562  0.128906
	  0.000400  0.000400  0.000400  0.000400

a 1
significant   elliptical     9
	  0.361545  0.332422  0.220052  0.149306
	  0.000400  0.000400  0.000400  0.000400

g 1
significant   elliptical     1
	  0.363281  0.347266  0.230469  0.136719
	  0.000400  0.000400  0.000400  0.000400

u 1
significant   elliptical     2
	  0.353516  0.325000  0.224609  0.152344
	  0.000400  0.000400  0.000400  0.000400

h 1
significant   elliptical     1
	  0.347656  0.332422  0.226562  0.160156
	  0.000400  0.000400  0.000400  0.000400

w 1
significant   elliptical     1
	  0.386719  0.344531  0.218750  0.144531
	  0.000400  0.000400  0.000400  0.000400

c 1
significant   elliptical     2
	  0.361328  0.285352  0.234375  0.138672
	  0.000400  0.000400  0.000400  0.000400

k 1
significant   elliptical     1
	  0.378906  0.301953  0.242188  0.144531
	  0.000400  0.000400  0.000400  0.000400

t 1
significant   elliptical     2
	  0.419922  0.202148  0.238281  0.091797
	  0.000400  0.000400  0.000400  0.000400

p 1
significant   elliptical     1
	  0.421875  0.271484  0.199219  0.136719
	  0.000400  0.000400  0.000400  0.000400

l 1
significant   elliptical     1
	  0.285156  0.202734  0.226562  0.109375
	  0.000400  0.000400  0.000400  0.000400

X 1
significant   elliptical     1
	  0.355469  0.311328  0.218750  0.148438
	  0.000400  0.000400  0.000400  0.000400

f 1
significant   elliptical     1
	  0.437500  0.257422  0.230469  0.125000
	  0.000400  0.000400  0.000400  0.000400
