4
linear   essential      -0.250000   0.750000
linear   non-essential   0.000000   1.000000
linear   essential       0.000000   1.000000
linear   essential       0.000000   1.000000

V 1
significant   elliptical    15
	  0.400781  0.294349  0.210417  0.138021
	  0.001996  0.000405  0.000523  0.001639

A 1
significant   elliptical    68
	  0.360064  0.340309  0.216050  0.148208
	  0.001674  0.001866  0.000430  0.001431

R 1
significant   elliptical    39
	  0.387320  0.364063  0.229467  0.145733
	  0.001017  0.002595  0.000400  0.001369

E 1
significant   elliptical    48
	  0.367106  0.308366  0.242757  0.124349
	  0.001620  0.002683  0.000644  0.000561

J 1
significant   elliptical     8
	  0.271973  0.254541  0.228516  0.138184
	  0.004277  0.004724  0.002389  0.002354

O 1
significant   elliptical    38
	  0.389597  0.359745  0.235506  0.148643
	  0.005857  0.001246  0.000400  0.001078

D 1
significant   elliptical    19
	  0.373355  0.351768  0.231085  0.148232
	  0.001615  0.001712  0.000400  0.001396

F 1
significant   elliptical    16
	  0.432617  0.275952  0.216797  0.138183
	  0.000705  0.002608  0.000400  0.002024

T 1
significant   elliptical    41
	  0.442073  0.208422  0.246475  0.084413
	  0.001554  0.001209  0.000732  0.000532

U 1
significant   elliptical    25
	  0.353906  0.329859  0.225156  0.151875
	  0.001574  0.000955  0.000400  0.001610

L 1
significant   elliptical    21
	  0.297619  0.216425  0.238839  0.115327
	  0.000987  0.000831  0.000400  0.001777

M 1
significant   elliptical    18
	  0.383680  0.352300  0.221788  0.154080
	  0.001473  0.000902  0.000400  0.000986

P 1
significant   elliptical    15
	  0.429687  0.279661  0.200521  0.133333
	  0.000623  0.001573  0.000400  0.001131

I 1
significant   elliptical    53
	  0.339844  0.202218  0.230764  0.076135
	  0.006101  0.005048  0.004106  0.000846

N 1
significant   elliptical    32
	  0.367920  0.366370  0.208496  0.141480
	  0.001306  0.001202  0.000400  0.000400

o 1
significant   elliptical     8
	  0.264160  0.239502  0.160644  0.125000
	  0.006578  0.000666  0.000400  0.000400

2 1
significant   elliptical    34
	  0.355009  0.289936  0.252872  0.121324
	  0.000414  0.000400  0.000400  0.000400

8 1
significant   elliptical    30
	  0.379948  0.342526  0.217839  0.129036
	  0.004303  0.000400  0.000400  0.000400

3 1
significant   elliptical    33
	  0.361742  0.279403  0.234375  0.114465
	  0.002458  0.002505  0.000498  0.000400

B 1
significant   elliptical    17
	  0.368566  0.360685  0.232307  0.135570
	  0.000404  0.000483  0.000400  0.000400

C 1
significant   elliptical    30
	  0.382161  0.269336  0.254687  0.128515
	  0.004382  0.000892  0.000400  0.000505

S 1
significant   elliptical    15
	  0.370573  0.310104  0.235677  0.119010
	  0.001397  0.000400  0.000400  0.000400

: 1
significant   elliptical    25
	  0.255781  0.084422  0.147500  0.044375
	  0.005557  0.000400  0.000761  0.000400

0 1
significant   elliptical   129
	  0.353137  0.309741  0.209999  0.133903
	  0.001707  0.000776  0.000400  0.000400

. 1
significant   elliptical    25
	  0.084688  0.046766  0.053125  0.037813
	  0.002562  0.000400  0.000673  0.000400

7 1
significant   elliptical    28
	  0.453264  0.223075  0.241490  0.099051
	  0.002541  0.000400  0.000400  0.000400

1 1
significant   elliptical    84
	  0.326451  0.190216  0.226563  0.073568
	  0.003497  0.001653  0.001177  0.000400

- 1
significant   elliptical    56
	  0.344727  0.059075  0.033273  0.080008
	  0.122910  0.000400  0.000400  0.000609

H 1
significant   elliptical    15
	  0.348177  0.318568  0.204167  0.140625
	  0.000560  0.001238  0.000400  0.000400

Z 1
significant   elliptical     3
	  0.319011  0.194271  0.223958  0.082031
	  0.004369  0.014520  0.003438  0.001785

G 1
significant   elliptical    13
	  0.353365  0.332181  0.222356  0.128606
	  0.001197  0.000806  0.000400  0.000400

6 1
significant   elliptical    24
	  0.359049  0.333057  0.224446  0.125325
	  0.001347  0.000541  0.000400  0.000400

5 1
significant   elliptical    33
	  0.379735  0.314998  0.235085  0.129261
	  0.003899  0.001568  0.000400  0.000400

4 1
significant   elliptical    40
	  0.404297  0.278262  0.206055  0.112305
	  0.004524  0.000928  0.000611  0.000407

/ 1
significant   elliptical     7
	  0.387835  0.177455  0.229353  0.104911
	  0.012323  0.000400  0.000543  0.000400

9 1
significant   elliptical    40
	  0.385937  0.313359  0.221875  0.124414
	  0.000400  0.000400  0.000400  0.000400

Q 1
significant   elliptical     2
	  0.382812  0.411523  0.246093  0.128906
	  0.001495  0.004285  0.000763  0.000400

, 1
significant   elliptical    45
	  0.051997  0.065955  0.075434  0.046615
	  0.003705  0.000400  0.000423  0.000400

_ 1
significant   elliptical     7
	 -0.002790  0.041853  0.024554  0.054129
	  0.001850  0.000429  0.000400  0.000852

$ 1
significant   elliptical     4
	  0.485352  0.409473  0.246094  0.146484
	  0.013238  0.011309  0.000621  0.003159

X 1
significant   elliptical    15
	  0.368750  0.318984  0.227865  0.130469
	  0.000477  0.000400  0.000400  0.000400

) 1
significant   elliptical    13
	  0.280048  0.169321  0.207332  0.071514
	  0.007330  0.000414  0.000543  0.000400

m 1
significant   elliptical    11
	  0.236506  0.321839  0.151989  0.122159
	  0.000400  0.000808  0.000400  0.000400

i 1
significant   elliptical    13
	  0.328425  0.152494  0.201322  0.053486
	  0.004808  0.001572  0.001184  0.000400

l 1
significant   elliptical    19
	  0.289679  0.134046  0.184005  0.042969
	  0.004034  0.001111  0.001972  0.000400

h 1
significant   elliptical     5
	  0.321875  0.270000  0.208594  0.151562
	  0.002965  0.000913  0.000806  0.000850

v 1
significant   elliptical     4
	  0.282227  0.188574  0.140625  0.101563
	  0.005365  0.009238  0.002879  0.001912

e 1
significant   elliptical    14
	  0.267020  0.259403  0.159319  0.118025
	  0.000400  0.000400  0.000400  0.000400

r 1
significant   elliptical    13
	  0.313101  0.147566  0.147536  0.091046
	  0.003613  0.002396  0.001732  0.001229

d 1
significant   elliptical    12
	  0.299805  0.279394  0.194010  0.127279
	  0.003421  0.001543  0.000783  0.000400

u 1
significant   elliptical     7
	  0.193081  0.187053  0.143415  0.114955
	  0.001006  0.003483  0.000400  0.001154

n 1
significant   elliptical    17
	  0.228171  0.192785  0.139936  0.115349
	  0.001759  0.004489  0.000813  0.001547

a 1
significant   elliptical    20
	  0.231250  0.238848  0.149414  0.110156
	  0.000500  0.000806  0.000400  0.000400

K 1
significant   elliptical     7
	  0.354911  0.317857  0.222098  0.140625
	  0.000400  0.000949  0.000400  0.000400

x 1
significant   elliptical     6
	  0.235677  0.176367  0.137370  0.095052
	  0.000828  0.001007  0.000400  0.000400

c 1
significant   elliptical     7
	  0.239955  0.214844  0.164620  0.116072
	  0.000400  0.000400  0.000400  0.000400

p 1
significant   elliptical     3
	  0.208333  0.249349  0.166667  0.126302
	  0.001531  0.000930  0.000400  0.000400

( 1
significant   elliptical     2
	  0.330078  0.149414  0.199219  0.054688
	  0.001717  0.001270  0.001953  0.000400

ﬂ 1
significant   elliptical     4
	  0.356445  0.369922  0.226562  0.176758
	  0.000400  0.005451  0.000400  0.000930

ﬁ 1
significant   elliptical     5
	  0.343750  0.228359  0.214063  0.108594
	  0.005531  0.010369  0.000690  0.002269

f 1
significant   elliptical     4
	  0.375977  0.200195  0.238281  0.083984
	  0.002964  0.000400  0.001078  0.000400

~ 1
significant   elliptical     1
	  0.347656  0.080859  0.023438  0.109375
	  0.000400  0.000400  0.000400  0.000400

t 1
significant   elliptical     7
	  0.276786  0.118750  0.166853  0.044643
	  0.004748  0.001880  0.001631  0.000400

g 1
significant   elliptical     2
	  0.191406  0.277734  0.181641  0.115234
	  0.000400  0.000400  0.000400  0.000400

' 1
significant   elliptical     6
	  0.365235  0.025911  0.027344  0.024740
	  0.002531  0.000400  0.000400  0.000400

{ 1
significant   elliptical     2
	  0.371094  0.163868  0.218750  0.058594
	  0.000400  0.000400  0.000400  0.000400

s 1
significant   elliptical     2
	  0.203125  0.227930  0.171875  0.105469
	  0.001495  0.003206  0.000400  0.000400

% 1
significant   elliptical     1
	  0.269531  0.177734  0.167969  0.078125
	  0.000400  0.000400  0.000400  0.000400

ch 1
significant   elliptical     1
	  0.339844  0.887109  0.222656  0.359375
	  0.000400  0.000400  0.000400  0.000400

+ 1
significant   elliptical     1
	  0.351562  0.174219  0.191406  0.058594
	  0.000400  0.000400  0.000400  0.000400

[ 1
significant   elliptical     2
	  0.242188  0.184961  0.214844  0.060547
	  0.011017  0.000809  0.001495  0.000400

! 1
significant   elliptical     2
	  0.322266  0.141992  0.199218  0.037109
	  0.000400  0.000400  0.000400  0.000400

| 1
significant   elliptical     7
	  0.179129  0.098270  0.136719  0.036830
	  0.002708  0.000651  0.001322  0.000400

; 1
significant   elliptical     2
	  0.128907  0.058789  0.138672  0.031250
	  0.000763  0.000400  0.000923  0.000400

} 1
significant   elliptical     1
	  0.093750  0.128125  0.171875  0.039062
	  0.000400  0.000400  0.000400  0.000400

‘ 1
significant   elliptical     6
	  0.345703  0.044792  0.055990  0.025391
	  0.013359  0.002118  0.004655  0.000400

€ 1
significant   elliptical     1
	  0.230469  0.257812  0.156250  0.109375
	  0.000400  0.000400  0.000400  0.000400

§ 1
significant   elliptical     1
	  0.324219  0.145313  0.203125  0.042969
	  0.000400  0.000400  0.000400  0.000400

“ 1
significant   elliptical     1
	  0.410156  0.034375  0.054688  0.058594
	  0.000400  0.000400  0.000400  0.000400

b 1
significant   elliptical     2
	  0.250000  0.252344  0.173828  0.121093
	  0.007812  0.004249  0.001717  0.000400

q 1
significant   elliptical     1
	  0.218750  0.142969  0.195312  0.058594
	  0.000400  0.000400  0.000400  0.000400

y 1
significant   elliptical     1
	  0.187500  0.223047  0.164062  0.125000
	  0.000400  0.000400  0.000400  0.000400

th 1
significant   elliptical     1
	  0.253906  0.616016  0.179688  0.300781
	  0.000400  0.000400  0.000400  0.000400

w 1
significant   elliptical     3
	  0.230469  0.245964  0.134114  0.117188
	  0.000400  0.000400  0.000400  0.000400

] 1
significant   elliptical     1
	  0.375000  0.161328  0.218750  0.054688
	  0.000400  0.000400  0.000400  0.000400

— 1
significant   elliptical     1
	  0.347656  0.082813  0.023438  0.113281
	  0.000400  0.000400  0.000400  0.000400
