61
NULL 0 NULL 0
Joined 0 0,255,0,255,0,32767,0,32767,0,32767 NULL 0 0 0 	# Joined [4a 6f 69 6e 65 64 ]
|Broken|0|1 0 0,255,0,255,0,32767,0,32767,0,32767 NULL 0 0 0 	# Broken
V 0 0,255,0,255,0,32767,0,32767,0,32767 NULL 0 0 0 	# V [56 ]
A 0 0,255,0,255,0,32767,0,32767,0,32767 NULL 0 0 0 	# A [41 ]
R 0 0,255,0,255,0,32767,0,32767,0,32767 NULL 0 0 0 	# R [52 ]
E 0 0,255,0,255,0,32767,0,32767,0,32767 NULL 0 0 0 	# E [45 ]
J 0 0,255,0,255,0,32767,0,32767,0,32767 NULL 0 0 0 	# J [4a ]
O 0 0,255,0,255,0,32767,0,32767,0,32767 NULL 0 0 0 	# O [4f ]
D 0 0,255,0,255,0,32767,0,32767,0,32767 NULL 0 0 0 	# D [44 ]
F 0 0,255,0,255,0,32767,0,32767,0,32767 NULL 0 0 0 	# F [46 ]
T 0 0,255,0,255,0,32767,0,32767,0,32767 NULL 0 0 0 	# T [54 ]
U 0 0,255,0,255,0,32767,0,32767,0,32767 NULL 0 0 0 	# U [55 ]
L 0 0,255,0,255,0,32767,0,32767,0,32767 NULL 0 0 0 	# L [4c ]
M 0 0,255,0,255,0,32767,0,32767,0,32767 NULL 0 0 0 	# M [4d ]
P 0 0,255,0,255,0,32767,0,32767,0,32767 NULL 0 0 0 	# P [50 ]
I 0 0,255,0,255,0,32767,0,32767,0,32767 NULL 0 0 0 	# I [49 ]
N 0 0,255,0,255,0,32767,0,32767,0,32767 NULL 0 0 0 	# N [4e ]
o 0 0,255,0,255,0,32767,0,32767,0,32767 NULL 0 0 0 	# o [6f ]
2 0 0,255,0,255,0,32767,0,32767,0,32767 NULL 0 0 0 	# 2 [32 ]
8 0 0,255,0,255,0,32767,0,32767,0,32767 NULL 0 0 0 	# 8 [38 ]
3 0 0,255,0,255,0,32767,0,32767,0,32767 NULL 0 0 0 	# 3 [33 ]
B 0 0,255,0,255,0,32767,0,32767,0,32767 NULL 0 0 0 	# B [42 ]
C 0 0,255,0,255,0,32767,0,32767,0,32767 NULL 0 0 0 	# C [43 ]
S 0 0,255,0,255,0,32767,0,32767,0,32767 NULL 0 0 0 	# S [53 ]
: 0 0,255,0,255,0,32767,0,32767,0,32767 NULL 0 0 0 	# : [3a ]
0 0 0,255,0,255,0,32767,0,32767,0,32767 NULL 0 0 0 	# 0 [30 ]
. 0 0,255,0,255,0,32767,0,32767,0,32767 NULL 0 0 0 	# . [2e ]
7 0 0,255,0,255,0,32767,0,32767,0,32767 NULL 0 0 0 	# 7 [37 ]
1 0 0,255,0,255,0,32767,0,32767,0,32767 NULL 0 0 0 	# 1 [31 ]
- 0 0,255,0,255,0,32767,0,32767,0,32767 NULL 0 0 0 	# - [2d ]
H 0 0,255,0,255,0,32767,0,32767,0,32767 NULL 0 0 0 	# H [48 ]
Z 0 0,255,0,255,0,32767,0,32767,0,32767 NULL 0 0 0 	# Z [5a ]
G 0 0,255,0,255,0,32767,0,32767,0,32767 NULL 0 0 0 	# G [47 ]
6 0 0,255,0,255,0,32767,0,32767,0,32767 NULL 0 0 0 	# 6 [36 ]
5 0 0,255,0,255,0,32767,0,32767,0,32767 NULL 0 0 0 	# 5 [35 ]
4 0 0,255,0,255,0,32767,0,32767,0,32767 NULL 0 0 0 	# 4 [34 ]
/ 0 0,255,0,255,0,32767,0,32767,0,32767 NULL 0 0 0 	# / [2f ]
9 0 0,255,0,255,0,32767,0,32767,0,32767 NULL 0 0 0 	# 9 [39 ]
Q 0 0,255,0,255,0,32767,0,32767,0,32767 NULL 0 0 0 	# Q [51 ]
, 0 0,255,0,255,0,32767,0,32767,0,32767 NULL 0 0 0 	# , [2c ]
_ 0 0,255,0,255,0,32767,0,32767,0,32767 NULL 0 0 0 	# _ [5f ]
$ 0 0,255,0,255,0,32767,0,32767,0,32767 NULL 0 0 0 	# $ [24 ]
X 0 0,255,0,255,0,32767,0,32767,0,32767 NULL 0 0 0 	# X [58 ]
) 0 0,255,0,255,0,32767,0,32767,0,32767 NULL 0 0 0 	# ) [29 ]
m 0 0,255,0,255,0,32767,0,32767,0,32767 NULL 0 0 0 	# m [6d ]
i 0 0,255,0,255,0,32767,0,32767,0,32767 NULL 0 0 0 	# i [69 ]
l 0 0,255,0,255,0,32767,0,32767,0,32767 NULL 0 0 0 	# l [6c ]
h 0 0,255,0,255,0,32767,0,32767,0,32767 NULL 0 0 0 	# h [68 ]
v 0 0,255,0,255,0,32767,0,32767,0,32767 NULL 0 0 0 	# v [76 ]
e 0 0,255,0,255,0,32767,0,32767,0,32767 NULL 0 0 0 	# e [65 ]
r 0 0,255,0,255,0,32767,0,32767,0,32767 NULL 0 0 0 	# r [72 ]
d 0 0,255,0,255,0,32767,0,32767,0,32767 NULL 0 0 0 	# d [64 ]
u 0 0,255,0,255,0,32767,0,32767,0,32767 NULL 0 0 0 	# u [75 ]
n 0 0,255,0,255,0,32767,0,32767,0,32767 NULL 0 0 0 	# n [6e ]
a 0 0,255,0,255,0,32767,0,32767,0,32767 NULL 0 0 0 	# a [61 ]
K 0 0,255,0,255,0,32767,0,32767,0,32767 NULL 0 0 0 	# K [4b ]
x 0 0,255,0,255,0,32767,0,32767,0,32767 NULL 0 0 0 	# x [78 ]
c 0 0,255,0,255,0,32767,0,32767,0,32767 NULL 0 0 0 	# c [63 ]
p 0 0,255,0,255,0,32767,0,32767,0,32767 NULL 0 0 0 	# p [70 ]
( 0 0,255,0,255,0,32767,0,32767,0,32767 NULL 0 0 0 	# ( [28 ]
